1.27251291275 45 40 0
1.27749800682 33 47 0
1.5044939518 52 46 0
1.73757386208 52 0 0
1.74653100967 53 52 0
1.77648901939 33 0 0
1.79158496857 45 0 0
1.94457006454 53 0 0
1.9584980011 52 53 0
1.95955896378 45 47 0
1.9695558548 33 46 0
2.14549303055 52 0 0
2.16249799728 53 50 0
2.29157495499 53 0 0
2.38445186615 52 48 0
2.42057490349 33 0 0
2.42749404907 45 0 0
2.59447598457 33 46 0
2.59848690033 45 46 0
2.6035630703 60 55 0
2.70657396317 45 0 0
2.70955896378 33 0 0
2.79049301147 60 0 0
2.81557393074 57 50 0
2.84861803055 52 0 0
3.01846599579 33 59 0
3.02257204056 45 54 0
3.1765730381 57 0 0
3.2254960537 52 59 0
3.44149684906 52 0 0
3.45758700371 53 51 0
3.47657084465 33 0 0
3.47756505013 45 0 0
3.62257194519 53 0 0
3.66257286072 45 47 0
3.666492939 33 48 0
3.67249202728 52 59 0
3.90458893776 60 48 0
4.04149794579 33 0 0
4.04645991325 45 0 0
4.09249401093 60 0 0
4.10348892212 52 0 0
4.12457489967 57 45 0
4.29446291924 33 47 0
4.30244088173 57 0 0
4.30643391609 45 45 0
4.31342387199 52 62 0
4.43043899536 45 0 0
4.44041395187 33 0 0
4.51348590851 53 50 0
4.57248997688 52 0 0
4.67949795723 53 0 0
4.70856690407 45 49 0
4.71056485176 33 52 0
4.90353107452 51 49 0
5.10556793213 45 0 0
5.10956406593 33 0 0
5.11357998848 51 0 0
5.12656903267 52 55 0
5.32149600983 33 56 0
5.32556986809 52 0 0
5.33047294617 51 55 0
5.33556485176 45 47 0
5.52956986427 51 0 0
5.54999899864 52 50 0
5.67548704147 45 0 0
5.7255718708 33 0 0
5.7434990406 52 0 0
5.75150084496 51 50 0
5.92557287216 33 46 0
5.93650388718 45 45 0
5.96057200432 59 63 0
5.98949193954 59 0 0
6.04558587074 59 18 0
6.10656905174 45 0 0
6.11857390404 33 0 0
6.17757296562 59 0 0
6.18949699402 54 50 0
6.2374958992 51 0 0
6.32649707794 54 0 0
6.36449503899 33 51 0
6.36956906319 45 49 0
6.57048892975 51 53 0
6.77457499504 45 0 0
6.78145289421 51 0 0
6.78346085548 33 0 0
6.79046106339 52 54 0
6.96057295799 52 0 0
6.98449087143 51 56 0
6.98647093773 33 50 0
6.98956084251 45 47 0
7.21157288551 59 52 0
7.2474899292 59 0 0
7.29457306862 59 17 0
7.38046097755 45 0 0
7.40357303619 33 0 0
7.42149400711 54 52 0
7.42256402969 59 0 0
7.43357586861 51 0 0
7.59957790375 33 48 0
7.60858392715 45 46 0
7.62249302864 54 0 0
7.62548685074 51 57 0
7.75958395004 45 0 0
7.78056788445 33 0 0
7.84556984901 52 57 0
7.84848999977 51 0 0
7.9890859127 52 0 0
8.0165719986 33 57 0
8.03449487686 45 48 0
8.23949885368 50 58 0
8.43057703972 33 0 0
8.43274402618 50 0 0
8.44256901741 52 55 0
8.44355797768 45 0 0
8.62557387352 52 0 0
8.64457201958 50 59 0
8.64856505394 33 53 0
8.66148805618 45 49 0
8.83857607841 50 0 0
8.85257196426 52 49 0
9.02057003975 33 0 0
9.02156305313 45 0 0
9.03149199486 52 0 0
9.05357003212 50 51 0
9.25059294701 45 47 0
9.25560092926 33 58 0
9.26957297325 59 57 0
9.41749501228 45 0 0
9.41856503487 33 0 0
9.45349192619 59 0 0
9.45556306839 50 0 0
9.46256494522 53 57 0
9.60057592392 53 0 0
9.65002298355 33 51 0
9.65849685669 45 47 0
9.87449884415 50 53 0
10.0595109463 33 0 0
10.0695500374 50 0 0
10.0795679092 45 0 0
10.0925049782 52 50 0
10.230576992 52 0 0
10.2744970322 50 63 0
10.2954890728 45 48 0
10.2985699177 33 52 0
10.5025699139 50 0 0
10.5104949474 59 44 0
10.6995019913 45 0 0
10.7035620213 33 0 0
10.7244958878 59 0 0
10.7365739346 53 48 0
10.9224970341 45 49 0
10.9345970154 33 50 0
10.9375669956 50 62 0
10.9474930763 53 0 0
11.0684950352 45 0 0
11.0965900421 33 0 0
11.1394569874 52 50 0
11.1685729027 50 0 0
11.2534840107 52 0 0
11.3274319172 33 51 0
11.3414268494 45 48 0
11.5444478989 48 52 0
11.7194619179 45 0 0
11.7504549026 33 0 0
11.7515659332 50 60 0
11.7545659542 48 0 0
11.9055738449 50 0 0
11.9364988804 45 51 0
11.9395639896 33 53 0
11.943572998 48 65 0
12.1485738754 48 0 0
12.1554939747 50 61 0
12.3145718575 50 0 0
12.3485720158 48 52 0
12.3624968529 33 0 0
12.3865740299 45 0 0
12.5685770512 57 63 0
12.5714950562 33 56 0
12.5755660534 45 57 0
12.7285699844 33 0 0
12.7325809002 45 0 0
12.756499052 57 0 0
12.7675750256 52 54 0
12.8925769329 48 0 0
12.9164938927 52 0 0
12.9604949951 33 49 0
12.9715678692 45 50 0
13.1555018425 48 50 0
13.3544578552 33 0 0
13.3665719032 45 0 0
13.3685588837 48 0 0
14.0048699379 50 62 0
14.0049269199 50 0 0
14.0049610138 48 58 0
14.0049948692 45 54 0
14.0050270557 33 61 0
14.0050590038 57 60 0
14.0050909519 33 0 0
14.0051219463 57 0 0
14.0051538944 45 0 0
14.0051858425 48 0 0
14.0052170753 52 54 0
14.1475720406 45 47 0
14.1565160751 52 0 0
14.1645610332 33 52 0
14.1784958839 48 63 0
14.3154990673 45 0 0
14.3514940739 33 0 0
14.3715760708 50 66 0
14.3855068684 48 0 0
14.4885718822 50 0 0
14.5604989529 43 60 0
14.5805618763 31 46 0
14.7355759144 48 50 0
14.9065198898 31 0 0
14.9245009422 43 0 0
14.9325659275 48 0 0
14.9394888878 50 62 0
15.0834958553 50 0 0
15.1465718746 48 56 0
15.1595709324 43 51 0
15.1614980698 31 49 0
15.3465750217 48 0 0
15.3605699539 50 61 0
15.399574995 50 0 0
15.4775750637 31 0 0
15.5055608749 43 0 0
15.5205700397 48 48 0
15.7325000763 43 49 0
15.7345678806 31 43 0
15.7485609055 57 60 0
15.8864979744 43 0 0
15.9015738964 31 0 0
15.9205770493 52 51 0
15.9345009327 57 0 0
15.9424898624 48 0 0
16.0475699902 52 0 0
16.122576952 43 49 0
16.1294949055 31 50 0
16.3115000725 48 49 0
16.4834990501 31 0 0
16.4905400276 48 0 0
16.5144898891 50 58 0
16.5155620575 43 0 0
16.6575739384 50 0 0
16.6954929829 48 56 0
16.711575985 31 49 0
16.7145419121 43 51 0
16.9075939655 57 56 0
17.0354959965 31 0 0
17.0885720253 52 56 0
17.0904538631 48 0 0
17.0934929848 43 0 0
17.0985648632 57 0 0
17.2725708485 43 50 0
17.2754909992 52 0 0
17.2854909897 48 58 0
17.2874770164 31 50 0
17.3805160522 43 0 0
17.3964939117 31 0 0
17.4754998684 50 63 0
17.4874930382 48 0 0
17.5985870361 50 0 0
17.6624920368 42 48 0
17.6674849987 30 50 0
17.8434939384 48 52 0
18.0304970741 48 0 0
18.0315649509 42 0 0
18.035556078 30 0 0
18.0394830704 50 58 0
18.1945080757 50 0 0
18.2195699215 42 46 0
18.2314999104 30 51 0
18.2424788475 48 57 0
18.4124279022 48 0 0
18.4454009533 50 57 0
18.5954859257 50 0 0
18.6014308929 42 0 0
18.6074919701 30 0 0
18.6085639 48 55 0
18.7994759083 42 45 0
18.8115649223 30 46 0
18.8145639896 57 53 0
18.8455679417 57 0 0
18.9285728931 57 5 0
18.9565720558 42 0 0
18.9735720158 30 0 0
18.986497879 57 0 0
18.9885649681 51 49 0
19.0824589729 48 0 0
19.1295740604 51 0 0
19.1844968796 42 50 0
19.1875648499 30 52 0
19.3855750561 48 48 0
19.5454969406 30 0 0
19.5644979477 42 0 0
19.568475008 48 0 0
19.5764830112 50 56 0
19.6965770721 50 0 0
19.7535710335 30 50 0
19.7564940453 42 46 0
19.7585630417 48 58 0
19.9675760269 57 53 0
20.1164939404 30 0 0
20.1174659729 42 0 0
20.1324970722 48 0 0
20.1415688992 51 50 0
20.1455640793 57 0 0
20.3194990158 30 49 0
20.3214509487 51 0 0
20.3294968605 42 44 0
20.3405618668 48 59 0
20.4855768681 42 0 0
20.5055730343 30 0 0
20.527575016 50 56 0
20.5305678844 48 0 0
20.6435689926 50 0 0
20.7094950676 29 67 0
20.7135689259 41 63 0
20.9055719376 47 60 0
21.0514979362 29 0 0
21.059499979 41 0 0
21.0924959183 47 0 0
21.1025660038 48 52 0
21.2386078835 48 0 0
21.2785758972 47 64 0
21.2845659256 29 55 0
21.2934920788 41 49 0
21.452573061 47 0 0
21.4634978771 48 56 0
21.6104969978 41 0 0
21.6135618687 29 0 0
21.6145658493 48 0 0
21.6545028687 47 51 0
21.8515648842 29 49 0
21.8554849625 41 49 0
21.8824980259 56 63 0
21.9675738811 41 0 0
21.9764909744 29 0 0
22.02957201 47 0 0
22.0524959564 56 0 0
22.0604939461 50 63 0
22.1874969006 50 0 0
22.2414710522 29 54 0
22.2495689392 41 49 0
22.3935439587 47 60 0
22.5655789375 29 0 0
22.5705659389 41 0 0
22.572562933 47 0 0
22.5755648613 48 57 0
22.7095680237 48 0 0
22.763573885 47 61 0
22.7724928856 41 51 0
22.7754878998 29 61 0
22.9865040779 56 55 0
23.0914959908 29 0 0
23.0935540199 41 0 0
23.1504909992 47 0 0
23.1714990139 56 0 0
23.1765620708 50 69 0
23.3405759335 41 51 0
23.3421230316 29 58 0
23.344563961 47 62 0
23.3545780182 50 0 0
23.4295749664 41 0 0
23.4695749283 29 0 0
23.5275769234 48 56 0
23.5424900055 47 0 0
23.7035770416 28 69 0
23.7064950466 48 0 0
23.7075629234 40 64 0
23.8805708885 47 57 0
24.0765860081 48 57 0
24.0774838924 47 0 0
24.0784778595 28 0 0
24.0795619488 40 0 0
24.213572979 48 0 0
24.2594840527 47 63 0
24.2755858898 28 63 0
24.2774598598 40 58 0
24.4424898624 47 0 0
24.4555668831 48 54 0
24.606580019 28 0 0
24.6105659008 40 0 0
24.6385939121 47 57 0
24.7135999203 48 0 0
24.8075659275 28 49 0
24.8134870529 40 53 0
24.8405768871 56 60 0
24.9395680428 40 0 0
24.9405579567 28 0 0
25.0204949379 50 64 0
25.0215668678 56 0 0
25.0325660706 47 0 0
25.1865768433 28 55 0
25.2015628815 40 52 0
25.2295780182 50 0 0
25.3414509296 47 58 0
25.4914929867 40 0 0
25.5064530373 28 0 0
25.5314490795 48 57 0
25.5498690605 47 0 0
25.6696269512 48 0 0
25.7064960003 47 59 0
25.713490963 28 63 0
25.715462923 40 61 0
25.912498951 56 58 0
26.0255708694 40 0 0
26.0324969292 28 0 0
26.0615739822 56 0 0
26.0805740356 47 0 0
26.0874979496 50 64 0
26.2238829136 40 60 0
26.2254779339 28 58 0
26.2645609379 47 64 0
26.2745029926 50 0 0
26.3174939156 28 0 0
26.3385858536 40 0 0
26.4365768433 48 59 0
26.4374668598 47 0 0
26.5315740108 48 0 0
26.6254959106 45 66 0
26.6324920654 33 73 0
26.803497076 52 50 0
26.9864928722 52 0 0
27.0034890175 53 63 0
27.030518055 33 0 0
27.0405640602 45 0 0
27.1865098476 53 0 0
27.1974959373 33 52 0
27.1985750198 45 49 0
27.2035610676 52 64 0
27.3684949875 52 0 0
27.4154660702 53 46 0
27.524477005 45 0 0
27.5254118443 33 0 0
27.5624768734 53 0 0
27.5754659176 52 51 0
27.7474830151 45 46 0
27.7524888515 33 54 0
27.7775878906 60 55 0
27.9095039368 45 0 0
27.9185800552 33 0 0
27.942499876 52 0 0
27.9534950256 60 0 0
27.9675638676 57 50 0
28.1005730629 57 0 0
28.1315748692 45 48 0
28.1355659962 33 54 0
28.3174989223 52 52 0
28.4104959965 33 0 0
28.4264960289 45 0 0
28.4855749607 52 0 0
28.5074899197 53 61 0
28.6425709724 53 0 0
28.6675648689 45 48 0
28.6735160351 33 55 0
28.6755640507 52 66 0
28.8705739975 60 53 0
28.995579958 33 0 0
29.0054869652 45 0 0
29.0205290318 52 0 0
29.0554969311 60 0 0
29.0565619469 57 48 0
29.2265028954 52 61 0
29.2414879799 33 44 0
29.2505400181 45 44 0
29.2695710659 57 0 0
29.3685760498 45 0 0
29.3745698929 33 0 0
29.4235019684 53 54 0
29.4675729275 52 0 0
29.5894958973 53 0 0
29.6065719128 33 48 0
29.6104960442 45 46 0
29.7885019779 51 53 0
29.9335749149 45 0 0
29.9434950352 33 0 0
29.975507021 51 0 0
29.981566906 52 60 0
30.1385140419 52 0 0
30.1585719585 51 64 0
30.1605670452 33 51 0
30.170568943 45 48 0
30.3275918961 51 0 0
30.3515110016 52 57 0
30.4964849949 33 0 0
30.5005669594 45 0 0
30.5015599728 52 0 0
30.5064940453 51 51 0
30.711564064 45 50 0
30.7144880295 33 50 0
30.7175629139 59 56 0
30.7504839897 59 0 0
30.8005609512 59 17 0
30.8544950485 45 0 0
30.8635668755 33 0 0
30.876568079 59 0 0
30.908493042 54 50 0
30.9425899982 51 0 0
31.042568922 54 0 0
31.0935759544 33 51 0
31.0985710621 45 49 0
31.26749897 51 48 0
31.44749403 33 0 0
31.449491024 45 0 0
31.4685678482 51 0 0
31.474503994 52 57 0
31.6245639324 52 0 0
31.6425659657 51 55 0
31.654583931 45 48 0
31.6635658741 33 54 0
31.8535778522 59 53 0
31.8895750046 59 0 0
31.9434568882 59 15 0
31.9725019932 45 0 0
31.9744930267 33 0 0
32.0264959335 59 0 0
32.0385680199 54 53 0
32.0535690784 51 0 0
32.1725728512 54 0 0
32.1994950771 33 48 0
32.2064869404 45 46 0
32.2744510174 51 55 0
32.3794798851 45 0 0
32.3934440613 33 0 0
32.478443861 52 59 0
32.4944188595 51 0 0
32.5974788666 52 0 0
32.6245720387 33 47 0
32.6315770149 45 45 0
32.8485770226 50 84 0
33.020498991 50 0 0
33.0285758972 52 66 0
33.0455729961 45 0 0
33.0485498905 33 0 0
33.1905789375 52 0 0
33.2105710506 50 78 0
33.2184989452 33 49 0
33.2234899998 45 47 0
33.3705039024 50 0 0
33.4014790058 52 62 0
33.5514979362 52 0 0
33.5745010376 50 63 0
33.585572958 33 0 0
33.5934989452 45 0 0
33.7634980679 45 48 0
33.7654528618 33 50 0
33.7815089226 59 59 0
33.9145748615 45 0 0
33.9265098572 33 0 0
33.9446430206 59 0 0
33.9555728436 53 49 0
34.0505030155 50 0 0
34.0885760784 53 0 0
34.1374690533 33 60 0
34.1465759277 45 51 0
34.3295030594 50 58 0
34.4765079021 33 0 0
34.4874870777 45 0 0
34.5035710335 50 0 0
34.5225749016 52 51 0
34.6305830479 52 0 0
34.6894989014 33 58 0
34.6925640106 50 60 0
34.7014670372 45 48 0
34.8925740719 59 55 0
35.0075039864 45 0 0
35.0085010529 33 0 0
35.0575759411 50 0 0
35.0644960403 53 50 0
35.0685658455 59 0 0
35.2325749397 53 0 0
35.2386000156 33 49 0
35.2525730133 45 47 0
35.2665810585 50 68 0
35.3845050335 45 0 0
35.4004440308 33 0 0
35.4435749054 52 50 0
35.4705040455 50 0 0
35.4815700054 52 0 0
35.6104710102 33 57 0
35.6205730438 45 48 0
35.8054919243 48 50 0
35.9705748558 45 0 0
35.9775738716 33 0 0
35.9934949875 50 59 0
35.9965729713 48 0 0
36.1244969368 50 0 0
36.1705009937 33 55 0
36.1725840569 48 57 0
36.1805660725 45 49 0
36.3275640011 48 0 0
36.3585050106 50 58 0
36.3975019455 50 0 0
36.5025780201 33 0 0
36.505491972 45 0 0
36.5205888748 48 53 0
36.7054948807 45 47 0
36.7114999294 33 55 0
36.7165160179 57 58 0
36.8655769825 45 0 0
36.8675720692 33 0 0
36.8914978504 52 48 0
36.8924739361 57 0 0
36.9305939674 48 0 0
37.0746378899 52 0 0
37.0885238647 33 55 0
37.0937418938 45 47 0
37.2764759064 48 50 0
37.405575037 45 0 0
37.4365780354 33 0 0
37.4435639381 48 0 0
37.4585690498 50 54 0
37.49457407 50 0 0
37.6315939426 33 60 0
37.6335680485 45 43 0
37.6414608955 48 56 0
37.8425729275 57 53 0
37.9435210228 45 0 0
37.9665000439 33 0 0
37.986495018 48 0 0
38.0165760517 52 50 0
38.0194959641 57 0 0
38.1754989624 52 0 0
38.189565897 33 50 0
38.1975049973 48 60 0
38.2055699825 45 45 0
38.3384900093 45 0 0
38.3614959717 33 0 0
38.3845748901 50 64 0
38.4135010242 48 0 0
38.5795788765 31 62 0
38.5834908485 50 0 0
38.591573 43 47 0
38.7374968529 48 50 0
38.8765759468 43 0 0
38.890583992 31 0 0
38.9245738983 48 0 0
38.926571846 50 57 0
38.9644930363 50 0 0
39.0954918861 31 49 0
39.1025669575 43 43 0
39.1054909229 48 56 0
39.2824878693 48 0 0
39.2894339561 50 60 0
39.3884680271 43 0 0
39.3984160423 31 0 0
39.4374308586 50 0 0
39.4454329014 48 46 0
39.6324799061 31 47 0
39.635436058 43 48 0
39.6535730362 57 61 0
39.7835009098 43 0 0
39.7905640602 31 0 0
39.8335740566 52 51 0
39.8374800682 57 0 0
39.8645000458 48 0 0
39.9685709476 52 0 0
40.0204968452 43 50 0
40.0224890709 31 49 0
40.1795680523 48 50 0
40.3225040436 43 0 0
40.3285689354 31 0 0
40.3554959297 48 0 0
40.3665690422 50 58 0
40.4024858475 50 0 0
40.528498888 48 52 0
40.5375699997 31 47 0
40.5415689945 43 50 0
40.7295808792 57 55 0
40.853497982 43 0 0
40.8555688858 31 0 0
40.8845758438 57 0 0
40.9044878483 52 48 0
40.9065690041 48 0 0
41.0825719833 52 0 0
41.0965719223 48 60 0
41.0984539986 43 47 0
41.1024420261 31 45 0
41.2225818634 43 0 0
41.2386789322 31 0 0
41.2725050449 48 0 0
41.274479866 50 65 0
41.4125778675 50 0 0
41.4635000229 30 56 0
41.4684970379 42 46 0
41.6304950714 48 57 0
41.7825009823 42 0 0
41.7875778675 30 0 0
41.8025798798 48 0 0
41.8176620007 50 58 0
41.856500864 50 0 0
41.9755768776 30 53 0
41.9855029583 42 46 0
41.991574049 48 59 0
42.1226098537 48 0 0
42.1785738468 50 55 0
42.2155809402 50 0 0
42.2755770683 50 9 0
42.3084950447 42 0 0
42.3125698566 30 0 0
42.3355128765 48 47 0
42.3374688625 50 0 0
42.5085220337 42 45 0
42.5105009079 30 49 0
42.5305769444 57 61 0
42.6685769558 42 0 0
42.6814959049 30 0 0
42.6965758801 51 53 0
42.702491045 57 0 0
42.7644999027 48 0 0
42.8514978886 51 0 0
42.883589983 42 48 0
42.8875670433 30 53 0
43.0570719242 48 55 0
43.1994988918 42 0 0
43.2005679607 30 0 0
43.2114720345 48 0 0
43.2415659428 50 55 0
43.2775840759 50 0 0
43.3865749836 42 46 0
43.389508009 30 53 0
43.4135758877 48 53 0
43.5965759754 57 56 0
43.608497858 48 0 0
43.7045779228 30 0 0
43.7094979286 42 0 0
43.7815759182 51 55 0
43.8115010262 57 0 0
43.9335780144 51 0 0
43.9364988804 42 45 0
43.9414720535 30 51 0
43.9545750618 48 53 0
44.1105880737 48 0 0
44.1185748577 50 60 0
44.1284990311 42 0 0
44.1440079212 30 0 0
44.2374770641 50 0 0
44.3055770397 41 64 0
44.3065340519 29 65 0
44.482503891 47 59 0
44.621473074 29 0 0
44.6305708885 41 0 0
44.6745769978 47 0 0
44.6764638424 48 53 0
44.8174960613 48 0 0
44.8534669876 29 51 0
44.8574700356 47 65 0
44.8595659733 41 49 0
45.0204968452 47 0 0
45.0305008888 48 53 0
45.1704959869 29 0 0
45.1735649109 41 0 0
45.1784639359 48 0 0
45.216573 47 54 0
45.3944978714 29 49 0
45.4014918804 41 50 0
45.4175009727 56 58 0
45.5425729752 29 0 0
45.5485699177 41 0 0
45.5824999809 47 0 0
45.5884919167 56 0 0
45.5955328941 50 60 0
45.7434928417 50 0 0
45.7585129738 29 55 0
45.7675778866 41 55 0
45.9295799732 47 59 0
46.0825829506 29 0 0
46.0835709572 41 0 0
46.106459856 47 0 0
46.1094808578 48 59 0
46.2594869137 48 0 0
46.2674479485 41 51 0
46.2814390659 29 49 0
46.2844269276 47 70 0
46.4714410305 56 60 0
46.5754818916 41 0 0
46.5924448967 29 0 0
46.6185829639 47 0 0
46.640501976 56 0 0
46.653003931 50 60 0
46.8035788536 29 50 0
46.8145020008 41 48 0
46.8165719509 47 70 0
46.847481966 50 0 0
46.9145019054 41 0 0
46.9535779953 29 0 0
46.9785790443 48 60 0
47.0015769005 47 0 0
47.1514968872 48 0 0
47.169574976 28 59 0
47.1775739193 40 50 0
47.3165750504 47 57 0
47.4905788898 40 0 0
47.4935669899 48 59 0
47.4945828915 47 0 0
47.499489069 28 0 0
47.6235790253 48 0 0
47.6714959145 28 48 0
47.678511858 40 55 0
47.6834840775 47 66 0
47.851295948 47 0 0
47.8655869961 48 54 0
47.9925818443 40 0 0
47.9994690418 28 0 0
48.0364918709 48 0 0
48.0435659885 47 48 0
48.2145049572 28 50 0
48.2255749702 40 54 0
48.2395689487 56 58 0
48.3885200024 40 0 0
48.4095828533 28 0 0
48.4155020714 56 0 0
48.4185678959 47 0 0
48.4255690575 50 62 0
48.5925798416 28 58 0
48.6015779972 40 61 0
48.6235070229 50 0 0
48.7735779285 47 59 0
48.9175069332 40 0 0
48.926571846 28 0 0
48.9385750294 47 0 0
48.9475698471 48 57 0
49.0875799656 48 0 0
49.1245799065 40 56 0
49.12657094 47 67 0
49.1341030598 28 52 0
49.3275790215 56 57 0
49.3835160732 40 0 0
49.384567976 28 0 0
49.4794919491 47 0 0
49.4805779457 56 0 0
49.5005009174 50 64 0
49.6535010338 28 51 0
49.6625008583 40 49 0
49.6685688496 47 70 0
49.7115769386 50 0 0
49.7165720463 28 0 0
49.7585780621 40 0 0
49.8244960308 47 0 0
49.8385760784 48 63 0
50.0125238895 48 0 0
50.0257630348 45 62 0
50.0275759697 33 73 0
50.1715819836 33 0 0
50.194578886 45 0 0
